0.00000000000000000 0.00000000000000000 1.00000000000000000
0.38268343236508978 0.00000000000000000 0.92387953251128674
0.70710678118654746 0.00000000000000000 0.70710678118654757
0.92387953251128674 0.00000000000000000 0.38268343236508984
1.00000000000000000 0.00000000000000000 0.00000000000000006
0.92387953251128674 0.00000000000000000 -0.38268343236508973
0.70710678118654757 0.00000000000000000 -0.70710678118654746
0.38268343236508989 0.00000000000000000 -0.92387953251128674
0.00000000000000012 0.00000000000000000 -1.00000000000000000
0.35355339059327379 0.14644660940672624 0.92387953251128674
0.65328148243818818 0.27059805007309845 0.70710678118654757
0.85355339059327373 0.35355339059327379 0.38268343236508984
0.92387953251128674 0.38268343236508978 0.00000000000000006
0.85355339059327373 0.35355339059327379 -0.38268343236508973
0.65328148243818829 0.27059805007309851 -0.70710678118654746
0.35355339059327384 0.14644660940672630 -0.92387953251128674
0.27059805007309851 0.27059805007309845 0.92387953251128674
0.50000000000000000 0.49999999999999989 0.70710678118654757
0.65328148243818829 0.65328148243818818 0.38268343236508984
0.70710678118654757 0.70710678118654746 0.00000000000000006
0.65328148243818829 0.65328148243818818 -0.38268343236508973
0.50000000000000011 0.50000000000000000 -0.70710678118654746
0.27059805007309862 0.27059805007309856 -0.92387953251128674
0.14644660940672627 0.35355339059327379 0.92387953251128674
0.27059805007309851 0.65328148243818818 0.70710678118654757
0.35355339059327384 0.85355339059327373 0.38268343236508984
0.38268343236508984 0.92387953251128674 0.00000000000000006
0.35355339059327384 0.85355339059327373 -0.38268343236508973
0.27059805007309856 0.65328148243818829 -0.70710678118654746
0.14644660940672630 0.35355339059327384 -0.92387953251128674
0.00000000000000002 0.38268343236508978 0.92387953251128674
0.00000000000000004 0.70710678118654746 0.70710678118654757
0.00000000000000006 0.92387953251128674 0.38268343236508984
0.00000000000000006 1.00000000000000000 0.00000000000000006
0.00000000000000006 0.92387953251128674 -0.38268343236508973
0.00000000000000004 0.70710678118654757 -0.70710678118654746
0.00000000000000002 0.38268343236508989 -0.92387953251128674
-0.14644660940672621 0.35355339059327379 0.92387953251128674
-0.27059805007309845 0.65328148243818818 0.70710678118654757
-0.35355339059327373 0.85355339059327373 0.38268343236508984
-0.38268343236508973 0.92387953251128674 0.00000000000000006
-0.35355339059327373 0.85355339059327373 -0.38268343236508973
-0.27059805007309851 0.65328148243818829 -0.70710678118654746
-0.14644660940672627 0.35355339059327384 -0.92387953251128674
-0.27059805007309845 0.27059805007309851 0.92387953251128674
-0.49999999999999989 0.50000000000000000 0.70710678118654757
-0.65328148243818818 0.65328148243818829 0.38268343236508984
-0.70710678118654746 0.70710678118654757 0.00000000000000006
-0.65328148243818818 0.65328148243818829 -0.38268343236508973
-0.50000000000000000 0.50000000000000011 -0.70710678118654746
-0.27059805007309856 0.27059805007309862 -0.92387953251128674
-0.35355339059327379 0.14644660940672630 0.92387953251128674
-0.65328148243818818 0.27059805007309856 0.70710678118654757
-0.85355339059327373 0.35355339059327384 0.38268343236508984
-0.92387953251128674 0.38268343236508989 0.00000000000000006
-0.85355339059327373 0.35355339059327384 -0.38268343236508973
-0.65328148243818829 0.27059805007309862 -0.70710678118654746
-0.35355339059327384 0.14644660940672632 -0.92387953251128674
-0.38268343236508978 0.00000000000000005 0.92387953251128674
-0.70710678118654746 0.00000000000000009 0.70710678118654757
-0.92387953251128674 0.00000000000000011 0.38268343236508984
-1.00000000000000000 0.00000000000000012 0.00000000000000006
-0.92387953251128674 0.00000000000000011 -0.38268343236508973
-0.70710678118654757 0.00000000000000009 -0.70710678118654746
-0.38268343236508989 0.00000000000000005 -0.92387953251128674
-0.35355339059327379 -0.14644660940672621 0.92387953251128674
-0.65328148243818829 -0.27059805007309840 0.70710678118654757
-0.85355339059327384 -0.35355339059327368 0.38268343236508984
-0.92387953251128685 -0.38268343236508967 0.00000000000000006
-0.85355339059327384 -0.35355339059327368 -0.38268343236508973
-0.65328148243818840 -0.27059805007309845 -0.70710678118654746
-0.35355339059327390 -0.14644660940672624 -0.92387953251128674
-0.27059805007309856 -0.27059805007309845 0.92387953251128674
-0.50000000000000011 -0.49999999999999989 0.70710678118654757
-0.65328148243818840 -0.65328148243818818 0.38268343236508984
-0.70710678118654768 -0.70710678118654746 0.00000000000000006
-0.65328148243818840 -0.65328148243818818 -0.38268343236508973
-0.50000000000000011 -0.50000000000000000 -0.70710678118654746
-0.27059805007309862 -0.27059805007309856 -0.92387953251128674
-0.14644660940672646 -0.35355339059327368 0.92387953251128674
-0.27059805007309889 -0.65328148243818807 0.70710678118654757
-0.35355339059327429 -0.85355339059327351 0.38268343236508984
-0.38268343236509034 -0.92387953251128652 0.00000000000000006
-0.35355339059327429 -0.85355339059327351 -0.38268343236508973
-0.27059805007309889 -0.65328148243818818 -0.70710678118654746
-0.14644660940672649 -0.35355339059327379 -0.92387953251128674
-0.00000000000000007 -0.38268343236508978 0.92387953251128674
-0.00000000000000013 -0.70710678118654746 0.70710678118654757
-0.00000000000000017 -0.92387953251128674 0.38268343236508984
-0.00000000000000018 -1.00000000000000000 0.00000000000000006
-0.00000000000000017 -0.92387953251128674 -0.38268343236508973
-0.00000000000000013 -0.70710678118654757 -0.70710678118654746
-0.00000000000000007 -0.38268343236508989 -0.92387953251128674
0.14644660940672632 -0.35355339059327373 0.92387953251128674
0.27059805007309862 -0.65328148243818807 0.70710678118654757
0.35355339059327395 -0.85355339059327362 0.38268343236508984
0.38268343236509000 -0.92387953251128663 0.00000000000000006
0.35355339059327395 -0.85355339059327362 -0.38268343236508973
0.27059805007309867 -0.65328148243818818 -0.70710678118654746
0.14644660940672638 -0.35355339059327384 -0.92387953251128674
0.27059805007309845 -0.27059805007309856 0.92387953251128674
0.49999999999999983 -0.50000000000000011 0.70710678118654757
0.65328148243818807 -0.65328148243818840 0.38268343236508984
0.70710678118654735 -0.70710678118654768 0.00000000000000006
0.65328148243818807 -0.65328148243818840 -0.38268343236508973
0.49999999999999989 -0.50000000000000011 -0.70710678118654746
0.27059805007309851 -0.27059805007309862 -0.92387953251128674
0.35355339059327368 -0.14644660940672649 0.92387953251128674
0.65328148243818807 -0.27059805007309889 0.70710678118654757
0.85355339059327351 -0.35355339059327434 0.38268343236508984
0.92387953251128652 -0.38268343236509039 0.00000000000000006
0.85355339059327351 -0.35355339059327434 -0.38268343236508973
0.65328148243818818 -0.27059805007309895 -0.70710678118654746
0.35355339059327379 -0.14644660940672652 -0.92387953251128674